Enter n m:   Enter e w:   Enter start coordinates:   Enter step cost:   


Iteration: 1



-40 -8.0 -8.0 0.8207360000000019 
-8.0 -8.0 WALL 12.025920000000003 
-7.6 -8.76 10.324000000000002 25.032400000000003 
-5.199999999999999 -8.0 24.0 40 



Iteration: 2



-40 -8.0 -8.0 4.823674879999999 
-8.0 -8.0 WALL 16.927001599999997 
-8.0 0.41160000000000174 16.490320000000004 28.152271999999996 
-8.0 9.524000000000001 27.4324 40 



Iteration: 3



-40 -8.0 -5.741060096000001 6.594972057600005 
-8.0 -4.8910367999999975 WALL 18.358388224000006 
-8.0 5.886204000000003 19.0100768 28.716234880000002 
-1.9807999999999986 14.939480000000003 28.392272 40 



Iteration: 4



-40 -8.0 -3.872234373119996 7.271328137216003 
-8.0 -2.5702265919999965 WALL 18.74881796096 
-3.7956863999999975 8.398596360000003 19.748019072000005 28.8464253952 
2.953504000000004 16.796386 28.740234880000003 40 



Iteration: 5



-40 -8.0 -2.9573843648511966 7.513333261107199 
-8.0 -1.622973689279994 WALL 18.8524236048384 
-1.5458338559999971 9.292561212400006 19.93682476288 28.878325015808002 
5.352890559999999 17.511686140000005 28.848825395200002 40 



Iteration: 6



-40 -8.0 -2.58081026408448 7.596841612881105 
-8.0 -1.3118086117151968 WALL 18.87948664147354 
-0.7269455718399938 9.563110946516002 19.984198990515203 28.886252400632323 
6.390054582400005 17.759485051400006 28.878565015808 40 



Iteration: 7



-40 -8.0 -2.438688762512011 7.625000466728869 
-8.0 -1.2194292671839646 WALL 18.88648147711495 
-0.47212134856959764 9.639689492484443 19.996049459620615 28.888230186025297 
6.773898942176006 17.835111612438002 28.88627640063232 40 



Iteration: 8



-40 -8.0 -2.387737379119307 7.6343468676216 
-8.0 -1.1935055154560708 WALL 18.888275698575804 
-0.39842170108134045 9.660546764077907 19.999012353384828 28.888724253941014 
6.898267049311045 17.856501230998102 28.888232586025296 40 



Final Iteration: 



-40 -8.0 -2.370069981726581 7.637414350238524
-8.0 -1.1864798171495732 WALL 18.888733327061278 
-0.37804403677552845 9.666088417995041 19.999753087885395 28.888847734182647 
6.935185519621452 17.86229086832784 28.888724493941012 40